{
  "model": "Qwen/Qwen3-0.6B",
  "n_records": 894,
  "feature_names": [
    "H_mean",
    "H_max",
    "H_min",
    "H_var",
    "H_first_layer",
    "H_mid_layer",
    "H_last_layer",
    "H_q1_layer",
    "H_q3_layer",
    "heads_above_0p5",
    "heads_above_0p9",
    "mean_head_sharpness",
    "max_head_sharpness",
    "hidden_norm_final",
    "hidden_norm_mid",
    "hidden_norm_first",
    "step_size_abs",
    "step_size_rel",
    "cosine_prev",
    "centeredness",
    "total_layer_update",
    "max_layer_update",
    "dH_dt_mean",
    "d_hidden_norm_dt"
  ],
  "label_names": [
    "label_output_entropy",
    "label_logit_margin",
    "label_log_p_top1"
  ],
  "feature_feature_correlation": [
    [
      1.0,
      0.5162145028223062,
      0.5562150808423076,
      0.11257320177717423,
      0.29371659316719084,
      0.6309896631796519,
      0.3562609056208226,
      0.301793100999185,
      0.5037234364899426,
      -0.9581574856039062,
      -0.761556411993026,
      -0.9999920253776969,
      -0.39583150020896757,
      -0.01550226914874627,
      -0.20108174638069834,
      -0.1788364372178619,
      -0.24190778047104722,
      -0.2807923472980763,
      0.2593638457137168,
      -0.20076450861562659,
      -0.008388622978714634,
      0.31688125976577036,
      0.4042380009617664,
      -0.020126526424567383
    ],
    [
      0.5162145028223062,
      1.0,
      0.1227167694539235,
      0.5672670562252999,
      0.3308723280734794,
      0.2907916075150368,
      0.17020067557528254,
      -0.017693603175929967,
      0.0028663199173167603,
      -0.5487417852754188,
      -0.05083555141726532,
      -0.5163041457135457,
      -0.20816251934526003,
      -0.23410134447298947,
      -0.04596564191949111,
      -0.04902500240699996,
      -0.07866726297156575,
      -0.004077061420431381,
      0.017817607966820505,
      -0.21431710105490978,
      -0.0564969705260001,
      0.13101868773659592,
      0.02167830425524335,
      -0.057921305356248995
    ],
    [
      0.5562150808423076,
      0.1227167694539235,
      1.0000000000000002,
      -0.4088101108431038,
      0.10415929638027842,
      0.18026005945424828,
      0.7831401474041648,
      0.3051185325823768,
      0.3015495442696356,
      -0.5011455316792005,
      -0.5582355742948244,
      -0.5563520128701229,
      -0.24356451246799476,
      0.09350929424399372,
      0.11854178490332182,
      -0.15355646581530133,
      -0.3533733266200023,
      -0.4261393236022621,
      0.4082447016226762,
      -0.14514272866492037,
      0.06578907626232461,
      0.16553727885723618,
      0.3294051010392256,
      0.006176603912901135
    ],
    [
      0.11257320177717423,
      0.5672670562252999,
      -0.4088101108431038,
      1.0000000000000002,
      0.014411256959682485,
      0.34473940111073303,
      -0.27734270760273183,
      -0.14525787210889451,
      -0.4242316937217038,
      -0.1792628529492478,
      0.2964934411386602,
      -0.11254405840658027,
      0.002067216732255837,
      -0.15012259903032446,
      -0.15151057803913998,
      0.03751173400328241,
      0.03071075332183716,
      0.20302864747055221,
      -0.11471459424065493,
      -0.15217900956917887,
      -0.15592077438522164,
      -0.012588551815245904,
      -0.1305202049657792,
      0.13295237950567415
    ],
    [
      0.29371659316719084,
      0.3308723280734794,
      0.10415929638027842,
      0.014411256959682485,
      1.0,
      -0.028135683312320994,
      0.013266260445325738,
      -0.0014530838424295825,
      0.32661997815159965,
      -0.2921381757596802,
      -0.17315485478846376,
      -0.2937556973331606,
      -0.4387201813594796,
      -0.395347732801451,
      0.10703449818430119,
      0.12143108081265071,
      0.010093453987894985,
      -0.10533623301707513,
      -0.05582322400941378,
      -0.1057334706688179,
      -0.15065063758021258,
      -0.13183094121290578,
      0.15081174565139902,
      -0.5059673109103456
    ],
    [
      0.6309896631796519,
      0.2907916075150368,
      0.18026005945424828,
      0.34473940111073303,
      -0.028135683312320994,
      1.0,
      0.030230561349144675,
      0.007686304621840195,
      0.19053970030925121,
      -0.6004035723274589,
      -0.48619291445628376,
      -0.6309188482986064,
      -0.23014629949235035,
      0.1325038503362383,
      -0.337342679403063,
      -0.21725968841973742,
      -0.1298692404963965,
      -0.10290467787234947,
      0.14597279884712416,
      -0.11749676267943275,
      0.0005464084479822254,
      0.3540756207771937,
      0.2812509522857046,
      0.18641972325831524
    ],
    [
      0.3562609056208226,
      0.17020067557528254,
      0.7831401474041648,
      -0.27734270760273183,
      0.013266260445325738,
      0.030230561349144675,
      1.0,
      0.39353636499672157,
      0.018253820762009754,
      -0.3450816854531615,
      -0.28183235684058866,
      -0.35649383258333117,
      -0.13017246354909176,
      0.1544226845601473,
      0.28821331926793614,
      -0.1767945705201217,
      -0.3461808082855275,
      -0.4174236021871043,
      0.4146191713032552,
      -0.11023743144371427,
      0.021258022684474062,
      -0.020230900998286044,
      0.2512661609152754,
      0.04632620574552621
    ],
    [
      0.301793100999185,
      -0.017693603175929967,
      0.3051185325823768,
      -0.14525787210889451,
      -0.0014530838424295825,
      0.007686304621840195,
      0.39353636499672157,
      1.0000000000000002,
      0.058452461026801766,
      -0.32466557662482565,
      -0.2574110389503916,
      -0.30153419441286583,
      -0.07330974883957588,
      0.21256240362322787,
      0.15982462903769606,
      -0.01419257359908816,
      0.028440574969190717,
      -0.0995183965123831,
      0.049375337413948735,
      0.12564157762171077,
      0.00924382166214179,
      -0.16552307927064155,
      0.21038158441341948,
      -0.019232914789412837
    ],
    [
      0.5037234364899426,
      0.0028663199173167603,
      0.3015495442696356,
      -0.4242316937217038,
      0.32661997815159965,
      0.19053970030925121,
      0.018253820762009754,
      0.058452461026801766,
      1.0,
      -0.4511901096483769,
      -0.5736908493002546,
      -0.5036615034182969,
      -0.25577051126283973,
      0.019103436105438996,
      -0.21845710902739507,
      -0.12014335999606414,
      0.03019377829875799,
      -0.0982131874144168,
      0.002964051897177903,
      0.07357577328641761,
      0.06391329590073568,
      0.1605275866601753,
      0.3951555721560409,
      -0.1684554326440709
    ],
    [
      -0.9581574856039062,
      -0.5487417852754188,
      -0.5011455316792005,
      -0.1792628529492478,
      -0.2921381757596802,
      -0.6004035723274589,
      -0.3450816854531615,
      -0.32466557662482565,
      -0.4511901096483769,
      1.0,
      0.647643864853097,
      0.9581141167707635,
      0.35142536037904354,
      -0.019229633135593525,
      0.1645350749291854,
      0.17827213247954807,
      0.20915241798330553,
      0.2686519698078845,
      -0.24419220511472015,
      0.16891860692113086,
      0.05463578219052347,
      -0.23521190150320273,
      -0.3741844265069108,
      0.030209334005313847
    ],
    [
      -0.761556411993026,
      -0.05083555141726532,
      -0.5582355742948244,
      0.2964934411386602,
      -0.17315485478846376,
      -0.48619291445628376,
      -0.28183235684058866,
      -0.2574110389503916,
      -0.5736908493002546,
      0.647643864853097,
      1.0,
      0.7614355069133326,
      0.37513480835018786,
      -0.12316678287329208,
      0.2112404565380209,
      0.18689714437950952,
      0.17724980365507242,
      0.28106085099531214,
      -0.2441197091679699,
      0.09167196265308425,
      -0.10014871229911904,
      -0.35297397655393753,
      -0.3870051969341446,
      0.01666901156495269
    ],
    [
      -0.9999920253776969,
      -0.5163041457135457,
      -0.5563520128701229,
      -0.11254405840658027,
      -0.2937556973331606,
      -0.6309188482986064,
      -0.35649383258333117,
      -0.30153419441286583,
      -0.5036615034182969,
      0.9581141167707635,
      0.7614355069133326,
      1.0000000000000002,
      0.3957844758704703,
      0.015781895349259247,
      0.2009565294956127,
      0.17897994991917385,
      0.24206359087773843,
      0.2809430849830583,
      -0.2594284465577773,
      0.2008479741499034,
      0.008584144808804503,
      -0.31684081621057536,
      -0.40420241530077317,
      0.020300110732548608
    ],
    [
      -0.39583150020896757,
      -0.20816251934526003,
      -0.24356451246799476,
      0.002067216732255837,
      -0.4387201813594796,
      -0.23014629949235035,
      -0.13017246354909176,
      -0.07330974883957588,
      -0.25577051126283973,
      0.35142536037904354,
      0.37513480835018786,
      0.3957844758704703,
      0.9999999999999998,
      0.09630840214584195,
      -0.032330776150291174,
      0.026842286575607496,
      0.08997957557012944,
      0.15995415240186886,
      -0.10522773349341275,
      0.04943375392660401,
      -0.01186710079167693,
      -0.08813971460644622,
      -0.12381908950664433,
      0.18731463385448827
    ],
    [
      -0.01550226914874627,
      -0.23410134447298947,
      0.09350929424399372,
      -0.15012259903032446,
      -0.395347732801451,
      0.1325038503362383,
      0.1544226845601473,
      0.21256240362322787,
      0.019103436105438996,
      -0.019229633135593525,
      -0.12316678287329208,
      0.015781895349259247,
      0.09630840214584195,
      1.0,
      -0.11841516614176771,
      -0.36004204060391765,
      0.2225815646569387,
      0.09995145573419999,
      0.052812844432338066,
      0.45340140960025105,
      0.148380321225672,
      -0.05126959730259214,
      0.07650030155220136,
      0.5980803445625722
    ],
    [
      -0.20108174638069834,
      -0.04596564191949111,
      0.11854178490332182,
      -0.15151057803913998,
      0.10703449818430119,
      -0.337342679403063,
      0.28821331926793614,
      0.15982462903769606,
      -0.21845710902739507,
      0.1645350749291854,
      0.2112404565380209,
      0.2009565294956127,
      -0.032330776150291174,
      -0.11841516614176771,
      1.0,
      0.204452811468173,
      -0.10865315744968182,
      -0.16921789602753853,
      0.11014702851717227,
      -0.04198676523214225,
      0.15617138293902313,
      -0.16804517837446015,
      -0.14300691767929158,
      -0.18789136578776897
    ],
    [
      -0.1788364372178619,
      -0.04902500240699996,
      -0.15355646581530133,
      0.03751173400328241,
      0.12143108081265071,
      -0.21725968841973742,
      -0.1767945705201217,
      -0.01419257359908816,
      -0.12014335999606414,
      0.17827213247954807,
      0.18689714437950952,
      0.17897994991917385,
      0.026842286575607496,
      -0.36004204060391765,
      0.204452811468173,
      1.0,
      0.23565743369280467,
      0.21383303614408558,
      -0.31048378078815797,
      0.0929776660621559,
      -0.11143470710562198,
      -0.2598869067937868,
      -0.17491161040117176,
      -0.3406341306745984
    ],
    [
      -0.24190778047104722,
      -0.07866726297156575,
      -0.3533733266200023,
      0.03071075332183716,
      0.010093453987894985,
      -0.1298692404963965,
      -0.3461808082855275,
      0.028440574969190717,
      0.03019377829875799,
      0.20915241798330553,
      0.17724980365507242,
      0.24206359087773843,
      0.08997957557012944,
      0.2225815646569387,
      -0.10865315744968182,
      0.23565743369280467,
      0.9999999999999999,
      0.8500643916692501,
      -0.922843893721904,
      0.6126854255697848,
      -0.07626404626553653,
      -0.3930977104544418,
      -0.08643927834070415,
      -0.10823467480087023
    ],
    [
      -0.2807923472980763,
      -0.004077061420431381,
      -0.4261393236022621,
      0.20302864747055221,
      -0.10533623301707513,
      -0.10290467787234947,
      -0.4174236021871043,
      -0.0995183965123831,
      -0.0982131874144168,
      0.2686519698078845,
      0.28106085099531214,
      0.2809430849830583,
      0.15995415240186886,
      0.09995145573419999,
      -0.16921789602753853,
      0.21383303614408558,
      0.8500643916692501,
      1.0,
      -0.920388102199415,
      0.5558061833670345,
      -0.007761356775001006,
      -0.2707090419024521,
      -0.10598411630340843,
      0.23453837450473186
    ],
    [
      0.2593638457137168,
      0.017817607966820505,
      0.4082447016226762,
      -0.11471459424065493,
      -0.05582322400941378,
      0.14597279884712416,
      0.4146191713032552,
      0.049375337413948735,
      0.002964051897177903,
      -0.24419220511472015,
      -0.2441197091679699,
      -0.2594284465577773,
      -0.10522773349341275,
      0.052812844432338066,
      0.11014702851717227,
      -0.31048378078815797,
      -0.922843893721904,
      -0.920388102199415,
      1.0000000000000002,
      -0.549156145862425,
      0.05468535286947755,
      0.35026651757320637,
      0.09594785280835512,
      0.10559547083603356
    ],
    [
      -0.20076450861562659,
      -0.21431710105490978,
      -0.14514272866492037,
      -0.15217900956917887,
      -0.1057334706688179,
      -0.11749676267943275,
      -0.11023743144371427,
      0.12564157762171077,
      0.07357577328641761,
      0.16891860692113086,
      0.09167196265308425,
      0.2008479741499034,
      0.04943375392660401,
      0.45340140960025105,
      -0.04198676523214225,
      0.0929776660621559,
      0.6126854255697848,
      0.5558061833670345,
      -0.549156145862425,
      1.0,
      0.22339845621200718,
      -0.4255610920835643,
      0.09267515880176536,
      0.22978371287302243
    ],
    [
      -0.008388622978714634,
      -0.0564969705260001,
      0.06578907626232461,
      -0.15592077438522164,
      -0.15065063758021258,
      0.0005464084479822254,
      0.021258022684474062,
      0.00924382166214179,
      0.06391329590073568,
      0.05463578219052347,
      -0.10014871229911904,
      0.008584144808804503,
      -0.01186710079167693,
      0.148380321225672,
      0.15617138293902313,
      -0.11143470710562198,
      -0.07626404626553653,
      -0.007761356775001006,
      0.05468535286947755,
      0.22339845621200718,
      1.0,
      0.48554428016965917,
      -0.04838783319389794,
      0.23017881144508023
    ],
    [
      0.31688125976577036,
      0.13101868773659592,
      0.16553727885723618,
      -0.012588551815245904,
      -0.13183094121290578,
      0.3540756207771937,
      -0.020230900998286044,
      -0.16552307927064155,
      0.1605275866601753,
      -0.23521190150320273,
      -0.35297397655393753,
      -0.31684081621057536,
      -0.08813971460644622,
      -0.05126959730259214,
      -0.16804517837446015,
      -0.2598869067937868,
      -0.3930977104544418,
      -0.2707090419024521,
      0.35026651757320637,
      -0.4255610920835643,
      0.48554428016965917,
      1.0,
      0.017344893372661787,
      0.18830602886938547
    ],
    [
      0.4042380009617664,
      0.02167830425524335,
      0.3294051010392256,
      -0.1305202049657792,
      0.15081174565139902,
      0.2812509522857046,
      0.2512661609152754,
      0.21038158441341948,
      0.3951555721560409,
      -0.3741844265069108,
      -0.3870051969341446,
      -0.40420241530077317,
      -0.12381908950664433,
      0.07650030155220136,
      -0.14300691767929158,
      -0.17491161040117176,
      -0.08643927834070415,
      -0.10598411630340843,
      0.09594785280835512,
      0.09267515880176536,
      -0.04838783319389794,
      0.017344893372661787,
      1.0000000000000002,
      0.03697627167235803
    ],
    [
      -0.020126526424567383,
      -0.057921305356248995,
      0.006176603912901135,
      0.13295237950567415,
      -0.5059673109103456,
      0.18641972325831524,
      0.04632620574552621,
      -0.019232914789412837,
      -0.1684554326440709,
      0.030209334005313847,
      0.01666901156495269,
      0.020300110732548608,
      0.18731463385448827,
      0.5980803445625722,
      -0.18789136578776897,
      -0.3406341306745984,
      -0.10823467480087023,
      0.23453837450473186,
      0.10559547083603356,
      0.22978371287302243,
      0.23017881144508023,
      0.18830602886938547,
      0.03697627167235803,
      1.0
    ]
  ],
  "feature_label_correlation": {
    "label_output_entropy": {
      "H_mean": -0.10812631102851306,
      "H_max": 0.046447665571752214,
      "H_min": 0.13789337484784217,
      "H_var": -0.00823819659060691,
      "H_first_layer": -0.09423824502727855,
      "H_mid_layer": -0.13200641422515655,
      "H_last_layer": 0.3473628725670422,
      "H_q1_layer": 0.19947408420360402,
      "H_q3_layer": -0.15235258923810013,
      "heads_above_0p5": 0.02308059675775779,
      "heads_above_0p9": 0.20956577783022642,
      "mean_head_sharpness": 0.10804257920624746,
      "max_head_sharpness": 0.17580283534965688,
      "hidden_norm_final": 0.2873433155746549,
      "hidden_norm_mid": 0.11435077074380393,
      "hidden_norm_first": -0.13635958202981405,
      "step_size_abs": 0.0455784815959686,
      "step_size_rel": -0.020366735678421392,
      "cosine_prev": 0.03576400437838245,
      "centeredness": 0.08000188486665849,
      "total_layer_update": -0.33128711376046377,
      "max_layer_update": -0.3403977925325347,
      "dH_dt_mean": 0.0735502720018359,
      "d_hidden_norm_dt": 0.11325726505828336
    },
    "label_logit_margin": {
      "H_mean": 0.20853575082947803,
      "H_max": 0.02863522194216563,
      "H_min": -0.01531555701504155,
      "H_var": -0.018795115930131234,
      "H_first_layer": 0.054620709021100985,
      "H_mid_layer": 0.18779835015518082,
      "H_last_layer": -0.18470437441087814,
      "H_q1_layer": -0.09823518318533091,
      "H_q3_layer": 0.16363021663481964,
      "heads_above_0p5": -0.12087537064078938,
      "heads_above_0p9": -0.2680830503330178,
      "mean_head_sharpness": -0.2085653650828636,
      "max_head_sharpness": -0.19688047173922135,
      "hidden_norm_final": -0.13557607040076353,
      "hidden_norm_mid": -0.1267447226152246,
      "hidden_norm_first": -0.03347423068217625,
      "step_size_abs": -0.07089455297376142,
      "step_size_rel": 0.003605149209124034,
      "cosine_prev": 0.012218773766076552,
      "centeredness": -0.03331294512034297,
      "total_layer_update": 0.3342827264283203,
      "max_layer_update": 0.42335956812333736,
      "dH_dt_mean": -0.029658947267382847,
      "d_hidden_norm_dt": 0.02973646617251532
    },
    "label_log_p_top1": {
      "H_mean": 0.1675214177363948,
      "H_max": 0.006615360712049493,
      "H_min": -0.07149082749089336,
      "H_var": 0.00940900378739333,
      "H_first_layer": 0.08945670633025643,
      "H_mid_layer": 0.1585893365180016,
      "H_last_layer": -0.253944006745023,
      "H_q1_layer": -0.16409112584536206,
      "H_q3_layer": 0.14885965146066749,
      "heads_above_0p5": -0.09016382428976667,
      "heads_above_0p9": -0.23941042153958073,
      "mean_head_sharpness": -0.16738565021551727,
      "max_head_sharpness": -0.190521225889185,
      "hidden_norm_final": -0.24412547850675131,
      "hidden_norm_mid": -0.10697635708776737,
      "hidden_norm_first": 0.08459851263177197,
      "step_size_abs": -0.08423634782890635,
      "step_size_rel": -0.023409371389382826,
      "cosine_prev": 0.018055043927568463,
      "centeredness": -0.09909194068678465,
      "total_layer_update": 0.3039449099200678,
      "max_layer_update": 0.34220480416124194,
      "dH_dt_mean": -0.05943089327619135,
      "d_hidden_norm_dt": -0.08355723692938566
    }
  },
  "clusters": [
    {
      "members": [
        "H_mean",
        "H_mid_layer",
        "heads_above_0p5",
        "heads_above_0p9",
        "mean_head_sharpness"
      ]
    },
    {
      "members": [
        "H_max"
      ]
    },
    {
      "members": [
        "H_min",
        "H_last_layer"
      ]
    },
    {
      "members": [
        "H_var"
      ]
    },
    {
      "members": [
        "H_first_layer"
      ]
    },
    {
      "members": [
        "H_q1_layer"
      ]
    },
    {
      "members": [
        "H_q3_layer"
      ]
    },
    {
      "members": [
        "max_head_sharpness"
      ]
    },
    {
      "members": [
        "hidden_norm_final"
      ]
    },
    {
      "members": [
        "hidden_norm_mid"
      ]
    },
    {
      "members": [
        "hidden_norm_first"
      ]
    },
    {
      "members": [
        "step_size_abs",
        "step_size_rel",
        "cosine_prev",
        "centeredness"
      ]
    },
    {
      "members": [
        "total_layer_update"
      ]
    },
    {
      "members": [
        "max_layer_update"
      ]
    },
    {
      "members": [
        "dH_dt_mean"
      ]
    },
    {
      "members": [
        "d_hidden_norm_dt"
      ]
    }
  ],
  "cluster_threshold": 0.6
}